%YAML:1.0
calibration_time: "Sat May 16 11:54:03 2015"
image_width: 332
image_height: 720
board_width: 9
board_height: 6
square_size: 1.
flags: 0
camera_matrix: !!opencv-matrix
   rows: 3
   cols: 3
   dt: d
   data: [ 3.2976731161931630e+03, 0., 1.5217377779962760e+02, 0.,
       2.7962927770745077e+03, 3.2898802466333939e+02, 0., 0., 1. ]
distortion_coefficients: !!opencv-matrix
   rows: 5
   cols: 1
   dt: d
   data: [ 1.2108998552930035e+00, -2.8387604848324241e+02,
       -1.2493417321608150e-02, -3.5976386185276925e-02,
       1.0311299020427196e+04 ]
avg_reprojection_error: 2.1428039136337829e-01
