<?xml version="1.0"?>
<opencv_storage>
<images>
  viewImage_3_10235.jpg viewImage_3_12248.jpg viewImage_3_14333.jpg
  viewImage_3_16417.jpg viewImage_3_18447.jpg viewImage_3_20511.jpg
  viewImage_3_2118.jpg viewImage_3_22592.jpg viewImage_3_24665.jpg
  viewImage_3_26694.jpg viewImage_3_28706.jpg viewImage_3_30700.jpg
  viewImage_3_32709.jpg viewImage_3_34708.jpg viewImage_3_36756.jpg
  viewImage_3_38793.jpg viewImage_3_40791.jpg viewImage_3_4147.jpg
  viewImage_3_42790.jpg viewImage_3_44825.jpg viewImage_3_46835.jpg
  viewImage_3_48878.jpg viewImage_3_50908.jpg viewImage_3_52948.jpg
  viewImage_3_54965.jpg viewImage_3_56976.jpg viewImage_3_59024.jpg
  viewImage_3_61058.jpg viewImage_3_6170.jpg viewImage_3_63091.jpg
  viewImage_3_8213.jpg</images>
</opencv_storage>
