<?xml version="1.0"?>
<opencv_storage>
<images>
  viewImage_0_10235.jpg viewImage_0_12248.jpg viewImage_0_14333.jpg
  viewImage_0_16417.jpg viewImage_0_18447.jpg viewImage_0_20511.jpg
  viewImage_0_2118.jpg viewImage_0_22592.jpg viewImage_0_24665.jpg
  viewImage_0_26694.jpg viewImage_0_28706.jpg viewImage_0_30700.jpg
  viewImage_0_32709.jpg viewImage_0_34708.jpg viewImage_0_36756.jpg
  viewImage_0_38793.jpg viewImage_0_40791.jpg viewImage_0_4147.jpg
  viewImage_0_42790.jpg viewImage_0_44825.jpg viewImage_0_46835.jpg
  viewImage_0_48878.jpg viewImage_0_50908.jpg viewImage_0_52948.jpg
  viewImage_0_54965.jpg viewImage_0_56976.jpg viewImage_0_59024.jpg
  viewImage_0_61058.jpg viewImage_0_6170.jpg viewImage_0_63091.jpg
  viewImage_0_8213.jpg</images>
</opencv_storage>
