%YAML:1.0
calibration_time: "Sat May 16 11:58:41 2015"
image_width: 332
image_height: 720
board_width: 9
board_height: 6
square_size: 1.
flags: 0
camera_matrix: !!opencv-matrix
   rows: 3
   cols: 3
   dt: d
   data: [ 2.2779702253253622e+03, 0., 1.1143169194083652e+02, 0.,
       1.9933730294418299e+03, 3.2628164762293596e+02, 0., 0., 1. ]
distortion_coefficients: !!opencv-matrix
   rows: 5
   cols: 1
   dt: d
   data: [ 1.6106552948635358e+00, -1.1435726743037823e+02,
       -2.2590672600335069e-02, -4.4165596640554187e-02,
       2.6151477347776063e+03 ]
avg_reprojection_error: 1.8364563799143790e-01
