<?xml version="1.0"?>
<opencv_storage>
<images>
  viewImage_2_10235.jpg viewImage_2_12248.jpg viewImage_2_14333.jpg
  viewImage_2_16417.jpg viewImage_2_18447.jpg viewImage_2_20511.jpg
  viewImage_2_2118.jpg viewImage_2_22592.jpg viewImage_2_24665.jpg
  viewImage_2_26694.jpg viewImage_2_28706.jpg viewImage_2_30700.jpg
  viewImage_2_32709.jpg viewImage_2_34708.jpg viewImage_2_36756.jpg
  viewImage_2_38793.jpg viewImage_2_40791.jpg viewImage_2_4147.jpg
  viewImage_2_42790.jpg viewImage_2_44825.jpg viewImage_2_46835.jpg
  viewImage_2_48878.jpg viewImage_2_50908.jpg viewImage_2_52948.jpg
  viewImage_2_54965.jpg viewImage_2_56976.jpg viewImage_2_59024.jpg
  viewImage_2_61058.jpg viewImage_2_6170.jpg viewImage_2_63091.jpg
  viewImage_2_8213.jpg</images>
</opencv_storage>
