<?xml version="1.0"?>
<opencv_storage>
<images>
  viewImage_1_10235.jpg viewImage_1_12248.jpg viewImage_1_14333.jpg
  viewImage_1_16417.jpg viewImage_1_18447.jpg viewImage_1_20511.jpg
  viewImage_1_2118.jpg viewImage_1_22592.jpg viewImage_1_24665.jpg
  viewImage_1_26694.jpg viewImage_1_28706.jpg viewImage_1_30700.jpg
  viewImage_1_32709.jpg viewImage_1_34708.jpg viewImage_1_36756.jpg
  viewImage_1_38793.jpg viewImage_1_40791.jpg viewImage_1_4147.jpg
  viewImage_1_42790.jpg viewImage_1_44825.jpg viewImage_1_46835.jpg
  viewImage_1_48878.jpg viewImage_1_50908.jpg viewImage_1_52948.jpg
  viewImage_1_54965.jpg viewImage_1_56976.jpg viewImage_1_59024.jpg
  viewImage_1_61058.jpg viewImage_1_6170.jpg viewImage_1_63091.jpg
  viewImage_1_8213.jpg</images>
</opencv_storage>
