%YAML:1.0
calibration_time: "Sat May 16 11:59:30 2015"
image_width: 307
image_height: 720
board_width: 9
board_height: 6
square_size: 1.
flags: 0
camera_matrix: !!opencv-matrix
   rows: 3
   cols: 3
   dt: d
   data: [ 2.0513766868118914e+03, 0., 1.5135777808052705e+02, 0.,
       1.9451519746261406e+03, 3.6016326359983481e+02, 0., 0., 1. ]
distortion_coefficients: !!opencv-matrix
   rows: 5
   cols: 1
   dt: d
   data: [ -5.4838735805328984e-02, -1.3309394733881925e+01,
       -1.7566099291280300e-02, -5.6694330918543888e-02,
       2.6962965653241508e+02 ]
avg_reprojection_error: 2.4641932416507123e-01
